8 6           world x and y dims
0 0 3         viewpoint (x, y, z)

15            finite plane
2 2 2         r g b ambient
0 2 8         r g b diffuse
0 0 0         r g b specular

0   1    0    normal
-2  -2  -3    point
1   0    0    x direction
4 4           size

14            finite plane
0 0 0         r g b ambient
8 2 0         r g b diffuse
0 0 0         r g b specular

0   1    0    normal
-2  -5  -3    point


 10          light
 0.152  0.152  0.152
-2.000  8.000 -3.000

 10          light
 0.152  0.152  0.152
-2.000  8.000 -2.500

 10          light
 0.152  0.152  0.152
-2.000  8.000 -2.000

 10          light
 0.152  0.152  0.152
-2.000  8.000 -1.500

 10          light
 0.152  0.152  0.152
-2.000  8.000 -1.000

 10          light
 0.152  0.152  0.152
-2.000  8.000 -0.500

 10          light
 0.152  0.152  0.152
-2.000  8.000  0.000

 10          light
 0.152  0.152  0.152
-2.000  8.000  0.500

 10          light
 0.152  0.152  0.152
-2.000  8.000  1.000

 10          light
 0.152  0.152  0.152
-2.000  8.000  1.500

 10          light
 0.152  0.152  0.152
-2.000  8.000  2.000

 10          light
 0.152  0.152  0.152
-2.000  8.000  2.500

 10          light
 0.152  0.152  0.152
-1.500  8.000 -3.000

 10          light
 0.152  0.152  0.152
-1.500  8.000 -2.500

 10          light
 0.152  0.152  0.152
-1.500  8.000 -2.000

 10          light
 0.152  0.152  0.152
-1.500  8.000 -1.500

 10          light
 0.152  0.152  0.152
-1.500  8.000 -1.000

 10          light
 0.152  0.152  0.152
-1.500  8.000 -0.500

 10          light
 0.152  0.152  0.152
-1.500  8.000  0.000

 10          light
 0.152  0.152  0.152
-1.500  8.000  0.500

 10          light
 0.152  0.152  0.152
-1.500  8.000  1.000

 10          light
 0.152  0.152  0.152
-1.500  8.000  1.500

 10          light
 0.152  0.152  0.152
-1.500  8.000  2.000

 10          light
 0.152  0.152  0.152
-1.500  8.000  2.500

 10          light
 0.152  0.152  0.152
-1.000  8.000 -3.000

 10          light
 0.152  0.152  0.152
-1.000  8.000 -2.500

 10          light
 0.152  0.152  0.152
-1.000  8.000 -2.000

 10          light
 0.152  0.152  0.152
-1.000  8.000 -1.500

 10          light
 0.152  0.152  0.152
-1.000  8.000 -1.000

 10          light
 0.152  0.152  0.152
-1.000  8.000 -0.500

 10          light
 0.152  0.152  0.152
-1.000  8.000  0.000

 10          light
 0.152  0.152  0.152
-1.000  8.000  0.500

 10          light
 0.152  0.152  0.152
-1.000  8.000  1.000

 10          light
 0.152  0.152  0.152
-1.000  8.000  1.500

 10          light
 0.152  0.152  0.152
-1.000  8.000  2.000

 10          light
 0.152  0.152  0.152
-1.000  8.000  2.500

 10          light
 0.152  0.152  0.152
-0.500  8.000 -3.000

 10          light
 0.152  0.152  0.152
-0.500  8.000 -2.500

 10          light
 0.152  0.152  0.152
-0.500  8.000 -2.000

 10          light
 0.152  0.152  0.152
-0.500  8.000 -1.500

 10          light
 0.152  0.152  0.152
-0.500  8.000 -1.000

 10          light
 0.152  0.152  0.152
-0.500  8.000 -0.500

 10          light
 0.152  0.152  0.152
-0.500  8.000  0.000

 10          light
 0.152  0.152  0.152
-0.500  8.000  0.500

 10          light
 0.152  0.152  0.152
-0.500  8.000  1.000

 10          light
 0.152  0.152  0.152
-0.500  8.000  1.500

 10          light
 0.152  0.152  0.152
-0.500  8.000  2.000

 10          light
 0.152  0.152  0.152
-0.500  8.000  2.500

 10          light
 0.152  0.152  0.152
 0.000  8.000 -3.000

 10          light
 0.152  0.152  0.152
 0.000  8.000 -2.500

 10          light
 0.152  0.152  0.152
 0.000  8.000 -2.000

 10          light
 0.152  0.152  0.152
 0.000  8.000 -1.500

 10          light
 0.152  0.152  0.152
 0.000  8.000 -1.000

 10          light
 0.152  0.152  0.152
 0.000  8.000 -0.500

 10          light
 0.152  0.152  0.152
 0.000  8.000  0.000

 10          light
 0.152  0.152  0.152
 0.000  8.000  0.500

 10          light
 0.152  0.152  0.152
 0.000  8.000  1.000

 10          light
 0.152  0.152  0.152
 0.000  8.000  1.500

 10          light
 0.152  0.152  0.152
 0.000  8.000  2.000

 10          light
 0.152  0.152  0.152
 0.000  8.000  2.500

 10          light
 0.152  0.152  0.152
 0.500  8.000 -3.000

 10          light
 0.152  0.152  0.152
 0.500  8.000 -2.500

 10          light
 0.152  0.152  0.152
 0.500  8.000 -2.000

 10          light
 0.152  0.152  0.152
 0.500  8.000 -1.500

 10          light
 0.152  0.152  0.152
 0.500  8.000 -1.000

 10          light
 0.152  0.152  0.152
 0.500  8.000 -0.500

 10          light
 0.152  0.152  0.152
 0.500  8.000  0.000

 10          light
 0.152  0.152  0.152
 0.500  8.000  0.500

 10          light
 0.152  0.152  0.152
 0.500  8.000  1.000

 10          light
 0.152  0.152  0.152
 0.500  8.000  1.500

 10          light
 0.152  0.152  0.152
 0.500  8.000  2.000

 10          light
 0.152  0.152  0.152
 0.500  8.000  2.500

 10          light
 0.152  0.152  0.152
 1.000  8.000 -3.000

 10          light
 0.152  0.152  0.152
 1.000  8.000 -2.500

 10          light
 0.152  0.152  0.152
 1.000  8.000 -2.000

 10          light
 0.152  0.152  0.152
 1.000  8.000 -1.500

 10          light
 0.152  0.152  0.152
 1.000  8.000 -1.000

 10          light
 0.152  0.152  0.152
 1.000  8.000 -0.500

 10          light
 0.152  0.152  0.152
 1.000  8.000  0.000

 10          light
 0.152  0.152  0.152
 1.000  8.000  0.500

 10          light
 0.152  0.152  0.152
 1.000  8.000  1.000

 10          light
 0.152  0.152  0.152
 1.000  8.000  1.500

 10          light
 0.152  0.152  0.152
 1.000  8.000  2.000

 10          light
 0.152  0.152  0.152
 1.000  8.000  2.500

 10          light
 0.152  0.152  0.152
 1.500  8.000 -3.000

 10          light
 0.152  0.152  0.152
 1.500  8.000 -2.500

 10          light
 0.152  0.152  0.152
 1.500  8.000 -2.000

 10          light
 0.152  0.152  0.152
 1.500  8.000 -1.500

 10          light
 0.152  0.152  0.152
 1.500  8.000 -1.000

 10          light
 0.152  0.152  0.152
 1.500  8.000 -0.500

 10          light
 0.152  0.152  0.152
 1.500  8.000  0.000

 10          light
 0.152  0.152  0.152
 1.500  8.000  0.500

 10          light
 0.152  0.152  0.152
 1.500  8.000  1.000

 10          light
 0.152  0.152  0.152
 1.500  8.000  1.500

 10          light
 0.152  0.152  0.152
 1.500  8.000  2.000

 10          light
 0.152  0.152  0.152
 1.500  8.000  2.500
